day0_rep1,[-737166.47050459 -610808.20302294 -488599.64577495   43482.63968993
   -3686.27361639  -73671.40287972 -641167.49024032 -639134.52305039
 -624943.58348108  315658.09934518  251760.22346233  -99062.63100856
 1266483.37926721  -93589.02567995  371491.21234286  609080.39687886
  676057.23180025  299676.05110016  133002.10681295   45137.90855917],0.7229910666292594
day0_rep2,[ -18654.58694303   16615.78961221   52940.05465467 -227207.61277493
 -224777.22518189 -224216.6068666    15269.5514273     6240.98668655
   18917.77535786  252023.17336567  233066.71139265  145424.44310678
  367232.06097277   37080.61314829 -418859.9925371  -377237.64002078
 -433566.68703183  297353.04066111  256715.18867054  225640.96229976],0.1578446632935829
day0_rep3,[-1.64214491e+05 -1.99713264e+05 -3.16005865e+05  4.72947364e+04
  4.99457945e+04  7.43038094e+04  1.39178341e+05  1.43593594e+05
  1.40259211e+05  2.33259388e+05  2.29425632e+05  2.22487914e+05
 -6.16223231e+04  5.40609912e+04 -4.20694621e+04  1.27768134e+02
 -7.74113486e+04 -1.92111880e+05 -1.51240830e+05 -1.29547716e+05],0.06688876934662362
day1_rep1,[ -33261.51093582  -89598.67215542  -53233.76293924 -114576.89720998
  -97746.56992361 -106981.15807321   68522.81895935   65834.08922954
   84468.52895509  -21081.86791287  -26762.2081396   -29126.52051342
 -126142.2074316   -36583.32952946  -53006.18474677  310364.19556173
  -27926.41680562   96504.18115015  104096.38216744   86237.11029332],0.02887354613885114
day1_rep2,[  54946.95258718  120567.5526311    70854.09945833  -47120.45327473
  -55659.56549414  -40119.92161755  -18384.68161055  -28454.0027796
  -31131.88090323   43741.76208853   43105.81516619   44029.66365377
   67121.5280321    -1728.72170424  -40227.92923406  134955.27747688
  -41915.39410874 -100045.26847878  -94454.45930116  -80080.37258729],0.01226257215057715
day1_rep3,[ 7.87062023e+03  4.94306035e+02 -8.57024999e+03 -6.88535822e+04
 -7.50271857e+04 -6.42467310e+04  3.82177477e+04  2.23493714e+04
  2.72858012e+04 -9.06946307e+03 -5.54901648e+03  1.47404607e+04
  2.10128631e+04  3.45179973e+04  8.18769418e+04 -4.79124816e+04
  6.66181204e+04 -2.05785759e+04 -1.52570508e+04  8.01068847e+01],0.0046130755635206775
day2_rep1,[   786.74462268 -19679.29636284 -20065.24512477   8901.13797796
  13069.65198986  15065.02463299  33612.25987659  21656.90534094
  32754.22907752 -59447.43583376 -57858.07394752 -32117.88286239
  82560.89467075  67252.50872673 -27764.59822708  17095.85374394
 -34746.46388136 -25584.7232768  -11045.51929816  -4445.97184529],0.003627251413368447
day2_rep2,[ 31877.10740187 -69062.59655826  50778.08297984 -17000.89032318
  17972.24281784  -8657.63325832 -18041.22668167  -5024.3304152
   9837.84527177  18166.69139821   7625.67249889  -7073.12570884
  -5771.08616895  22982.73023661 -13230.39161233   -836.58440354
  12695.06665541 -14284.47432451   5397.40656603 -18350.50637168],0.0015754926618311061
day2_rep3,[ -4936.60223464   2339.92076107   6063.36604371  -7803.91625644
   5355.1347463    5639.18596222  10993.99557191   7039.33673598
  20413.34352489   6803.91733612  -1386.21918013 -17124.81936812
  14297.01754126 -35786.03968606  -9242.84489745  -4338.15580679
  13165.60013508  -6424.1966431    2394.46129931  -7462.48558514],0.0004119132674892859
day4_rep1,[ -4743.89381886  -9460.49818313  13498.05310148  24727.89593567
 -10797.04116414 -12631.47920326  16165.85505832   2530.64797922
  -4005.40882743   5722.17707255    661.89806201  -9932.3804118
   1778.21788317  -4538.09585285   7111.03981667    527.59276663
  -8123.74159952  14069.71705359 -17633.21970398  -4927.33596432],0.0003137351800523607
day4_rep2,[ -6044.22233251   7193.18425392  -1496.58731961  -9036.25207518
   8976.65471493  -2212.76315504  -3166.28163713   6114.08162394
    276.02923865   4189.96929728   1225.46944233  -8687.30405667
  -2794.33562891   9162.97914766  -2348.92263627   -467.09664048
   2737.85552246  13693.91106944  -6728.63370254 -10587.73512626],0.00011735509956517391
day4_rep3,[  3917.40887689  -5034.08407907   1176.33773575  -8605.21839362
  -1943.33645864  11910.56821975   1197.90477879    542.68902919
  -2536.02011953   -999.49969883  -3589.94308472   6006.30029597
   1190.96448582  -3664.31279225  -2686.17306981    256.5208568
   2119.79693383   7662.98303076 -16504.47949743   9581.59295033],0.00010628705324079474
day5_rep1,[-3.00557123e+03  2.60772762e+03  1.85364116e+02 -7.55983947e+02
  9.03405642e+03 -8.26208866e+03  2.21832272e+03 -3.75453188e+03
 -1.43195997e+00  3.18774376e+03  4.99374863e+03 -9.16384356e+03
 -1.90237682e+03  3.07348414e+03 -1.50732766e+03 -1.82657972e+02
  1.17762986e+03 -8.39082523e+03 -6.93418377e+03  1.73827454e+04],0.00010247242128312456
day5_rep2,[  1613.75337179  -2056.10529241    452.41760291  -7539.72493954
   6601.49073077   1708.61667976   -255.41962472   -254.86303541
    401.07804289    141.83891191   1683.93001955  -2403.95651106
   2130.34317242  -4536.5060588   15335.91026443   1010.02763181
 -14323.25505528     96.95329497    689.20865303   -495.73785901],8.102081526518713e-05
day11_rep1,[ -616.08391724   785.38592588    57.84475948   275.256588
 -9193.4921926   8651.89146545 -3786.52281996  3063.01496444
  -347.89424333  8053.61463232 -1079.84985045 -9165.34097731
 -1455.1840067   3824.53267352  1764.46291775    75.90086692
 -1597.75254006 -3168.58058121  1528.45127314  2330.34506196],5.1738727603865916e-05
day11_rep2,[ 4493.55835329 -1358.40406393 -2061.62539197  1618.10074854
    74.61903684 -2490.9896591  -5121.26745549 12674.67001407
 -5253.11947679 -4444.61583068  5111.59694029 -1919.49952085
  2002.81985397 -2938.80037801  -541.9904578    -14.28570669
   675.10571621 -1125.49292225  -756.87076468  1376.49096502],4.369091418381319e-05
day11_rep3,[-7045.60690667  -157.58456219  5475.12582874  -963.44408015
 -2994.99793764  4190.03572402  -679.23065423 -1224.52505442
  3113.30515709 -8695.66079234  9635.05106173  -773.33010713
  -768.34010718  1590.4167707     71.54609972    83.07055918
  -225.2976466   -189.95493069  -357.84567123   -82.73275072],4.0218837810170646e-05
day18_rep1,[ 8.31561604e+03 -6.12625062e+01 -5.99439303e+03  1.16114913e+03
 -1.65192227e+03  4.28178181e+02  4.26211787e+02 -5.50532350e+03
  3.40574348e+03 -1.58018837e+03  5.36694775e+03 -4.38116844e+03
  2.38652957e+01  4.27424401e+00 -4.62034973e+02 -8.20692883e+01
  4.79741869e+02  2.78645563e+03 -1.26658562e+03 -1.41323540e+03],2.9526644906937004e-05
day18_rep2,[ -793.10959163   600.78935182   132.15061094  2856.56938297
  -660.43100799 -2479.84690095 -8502.44170214   544.30077916
  8470.3794664    356.58865434 -2222.28188122  2063.34856301
   453.31420095  -710.91872822  1234.2793616     12.51751257
 -1076.51131367  1071.90950587 -2964.90697039  1614.30070657],2.5603840984792434e-05
day18_rep3,[ 1.77931091e-08  1.23151223e-08  1.43718521e-08  4.12155047e-10
  1.11829924e-09  3.11776798e-09  9.55856103e-09  1.01755872e-08
  1.40531802e-08 -1.44538942e-08 -8.91490377e-09 -1.48139540e-09
 -2.61277304e-08  3.88092035e-09 -6.31380164e-09 -1.50989094e-08
 -1.22749434e-08 -2.10405136e-09 -9.15289248e-11  9.87214707e-11],1.1616645656916728e-29
