day0_rep1,[-7.37166471e+05 -1.86545869e+04 -1.64214491e+05 -3.32615109e+04
  5.49469526e+04  7.87062023e+03  7.86744623e+02  3.18771074e+04
 -4.93660223e+03 -4.74389382e+03 -6.04422233e+03  3.91740888e+03
 -3.00557123e+03  1.61375337e+03 -6.16083917e+02  4.49355835e+03
 -7.04560691e+03  8.31561604e+03 -7.93109592e+02  1.77931091e-08],0.7229910666292594
day0_rep2,[-6.10808203e+05  1.66157896e+04 -1.99713264e+05 -8.95986722e+04
  1.20567553e+05  4.94306035e+02 -1.96792964e+04 -6.90625966e+04
  2.33992076e+03 -9.46049818e+03  7.19318425e+03 -5.03408408e+03
  2.60772762e+03 -2.05610529e+03  7.85385926e+02 -1.35840406e+03
 -1.57584562e+02 -6.12625062e+01  6.00789352e+02  1.23151223e-08],0.1578446632935829
day0_rep3,[-4.88599646e+05  5.29400547e+04 -3.16005865e+05 -5.32337629e+04
  7.08540995e+04 -8.57024999e+03 -2.00652451e+04  5.07780830e+04
  6.06336604e+03  1.34980531e+04 -1.49658732e+03  1.17633774e+03
  1.85364116e+02  4.52417603e+02  5.78447595e+01 -2.06162539e+03
  5.47512583e+03 -5.99439303e+03  1.32150611e+02  1.43718521e-08],0.06688876934662362
day1_rep1,[ 4.34826397e+04 -2.27207613e+05  4.72947364e+04 -1.14576897e+05
 -4.71204533e+04 -6.88535822e+04  8.90113798e+03 -1.70008903e+04
 -7.80391626e+03  2.47278959e+04 -9.03625208e+03 -8.60521839e+03
 -7.55983947e+02 -7.53972494e+03  2.75256588e+02  1.61810075e+03
 -9.63444080e+02  1.16114913e+03  2.85656938e+03  4.12155047e-10],0.02887354613885114
day1_rep2,[-3.68627362e+03 -2.24777225e+05  4.99457945e+04 -9.77465699e+04
 -5.56595655e+04 -7.50271857e+04  1.30696520e+04  1.79722428e+04
  5.35513475e+03 -1.07970412e+04  8.97665471e+03 -1.94333646e+03
  9.03405642e+03  6.60149073e+03 -9.19349219e+03  7.46190368e+01
 -2.99499794e+03 -1.65192227e+03 -6.60431008e+02  1.11829924e-09],0.01226257215057715
day1_rep3,[-7.36714029e+04 -2.24216607e+05  7.43038094e+04 -1.06981158e+05
 -4.01199216e+04 -6.42467310e+04  1.50650246e+04 -8.65763326e+03
  5.63918596e+03 -1.26314792e+04 -2.21276316e+03  1.19105682e+04
 -8.26208866e+03  1.70861668e+03  8.65189147e+03 -2.49098966e+03
  4.19003572e+03  4.28178181e+02 -2.47984690e+03  3.11776798e-09],0.0046130755635206775
day2_rep1,[-6.41167490e+05  1.52695514e+04  1.39178341e+05  6.85228190e+04
 -1.83846816e+04  3.82177477e+04  3.36122599e+04 -1.80412267e+04
  1.09939956e+04  1.61658551e+04 -3.16628164e+03  1.19790478e+03
  2.21832272e+03 -2.55419625e+02 -3.78652282e+03 -5.12126746e+03
 -6.79230654e+02  4.26211787e+02 -8.50244170e+03  9.55856103e-09],0.003627251413368447
day2_rep2,[-6.39134523e+05  6.24098669e+03  1.43593594e+05  6.58340892e+04
 -2.84540028e+04  2.23493714e+04  2.16569053e+04 -5.02433042e+03
  7.03933674e+03  2.53064798e+03  6.11408162e+03  5.42689029e+02
 -3.75453188e+03 -2.54863035e+02  3.06301496e+03  1.26746700e+04
 -1.22452505e+03 -5.50532350e+03  5.44300779e+02  1.01755872e-08],0.0015754926618311061
day2_rep3,[-6.24943583e+05  1.89177754e+04  1.40259211e+05  8.44685290e+04
 -3.11318809e+04  2.72858012e+04  3.27542291e+04  9.83784527e+03
  2.04133435e+04 -4.00540883e+03  2.76029239e+02 -2.53602012e+03
 -1.43195997e+00  4.01078043e+02 -3.47894243e+02 -5.25311948e+03
  3.11330516e+03  3.40574348e+03  8.47037947e+03  1.40531802e-08],0.0004119132674892859
day4_rep1,[ 3.15658099e+05  2.52023173e+05  2.33259388e+05 -2.10818679e+04
  4.37417621e+04 -9.06946307e+03 -5.94474358e+04  1.81666914e+04
  6.80391734e+03  5.72217707e+03  4.18996930e+03 -9.99499699e+02
  3.18774376e+03  1.41838912e+02  8.05361463e+03 -4.44461583e+03
 -8.69566079e+03 -1.58018837e+03  3.56588654e+02 -1.44538942e-08],0.0003137351800523607
day4_rep2,[ 2.51760223e+05  2.33066711e+05  2.29425632e+05 -2.67622081e+04
  4.31058152e+04 -5.54901648e+03 -5.78580739e+04  7.62567250e+03
 -1.38621918e+03  6.61898062e+02  1.22546944e+03 -3.58994308e+03
  4.99374863e+03  1.68393002e+03 -1.07984985e+03  5.11159694e+03
  9.63505106e+03  5.36694775e+03 -2.22228188e+03 -8.91490377e-09],0.00011735509956517391
day4_rep3,[-9.90626310e+04  1.45424443e+05  2.22487914e+05 -2.91265205e+04
  4.40296637e+04  1.47404607e+04 -3.21178829e+04 -7.07312571e+03
 -1.71248194e+04 -9.93238041e+03 -8.68730406e+03  6.00630030e+03
 -9.16384356e+03 -2.40395651e+03 -9.16534098e+03 -1.91949952e+03
 -7.73330107e+02 -4.38116844e+03  2.06334856e+03 -1.48139540e-09],0.00010628705324079474
day5_rep1,[ 1.26648338e+06  3.67232061e+05 -6.16223231e+04 -1.26142207e+05
  6.71215280e+04  2.10128631e+04  8.25608947e+04 -5.77108617e+03
  1.42970175e+04  1.77821788e+03 -2.79433563e+03  1.19096449e+03
 -1.90237682e+03  2.13034317e+03 -1.45518401e+03  2.00281985e+03
 -7.68340107e+02  2.38652957e+01  4.53314201e+02 -2.61277304e-08],0.00010247242128312456
day5_rep2,[-9.35890257e+04  3.70806131e+04  5.40609912e+04 -3.65833295e+04
 -1.72872170e+03  3.45179973e+04  6.72525087e+04  2.29827302e+04
 -3.57860397e+04 -4.53809585e+03  9.16297915e+03 -3.66431279e+03
  3.07348414e+03 -4.53650606e+03  3.82453267e+03 -2.93880038e+03
  1.59041677e+03  4.27424401e+00 -7.10918728e+02  3.88092035e-09],8.102081526518713e-05
day11_rep1,[ 3.71491212e+05 -4.18859993e+05 -4.20694621e+04 -5.30061847e+04
 -4.02279292e+04  8.18769418e+04 -2.77645982e+04 -1.32303916e+04
 -9.24284490e+03  7.11103982e+03 -2.34892264e+03 -2.68617307e+03
 -1.50732766e+03  1.53359103e+04  1.76446292e+03 -5.41990458e+02
  7.15460997e+01 -4.62034973e+02  1.23427936e+03 -6.31380164e-09],5.1738727603865916e-05
day11_rep2,[ 6.09080397e+05 -3.77237640e+05  1.27768134e+02  3.10364196e+05
  1.34955277e+05 -4.79124816e+04  1.70958537e+04 -8.36584404e+02
 -4.33815581e+03  5.27592767e+02 -4.67096640e+02  2.56520857e+02
 -1.82657972e+02  1.01002763e+03  7.59008669e+01 -1.42857067e+01
  8.30705592e+01 -8.20692883e+01  1.25175126e+01 -1.50989094e-08],4.369091418381319e-05
day11_rep3,[ 6.76057232e+05 -4.33566687e+05 -7.74113486e+04 -2.79264168e+04
 -4.19153941e+04  6.66181204e+04 -3.47464639e+04  1.26950667e+04
  1.31656001e+04 -8.12374160e+03  2.73785552e+03  2.11979693e+03
  1.17762986e+03 -1.43232551e+04 -1.59775254e+03  6.75105716e+02
 -2.25297647e+02  4.79741869e+02 -1.07651131e+03 -1.22749434e-08],4.0218837810170646e-05
day18_rep1,[ 2.99676051e+05  2.97353041e+05 -1.92111880e+05  9.65041812e+04
 -1.00045268e+05 -2.05785759e+04 -2.55847233e+04 -1.42844743e+04
 -6.42419664e+03  1.40697171e+04  1.36939111e+04  7.66298303e+03
 -8.39082523e+03  9.69532950e+01 -3.16858058e+03 -1.12549292e+03
 -1.89954931e+02  2.78645563e+03  1.07190951e+03 -2.10405136e-09],2.9526644906937004e-05
day18_rep2,[ 1.33002107e+05  2.56715189e+05 -1.51240830e+05  1.04096382e+05
 -9.44544593e+04 -1.52570508e+04 -1.10455193e+04  5.39740657e+03
  2.39446130e+03 -1.76332197e+04 -6.72863370e+03 -1.65044795e+04
 -6.93418377e+03  6.89208653e+02  1.52845127e+03 -7.56870765e+02
 -3.57845671e+02 -1.26658562e+03 -2.96490697e+03 -9.15289248e-11],2.5603840984792434e-05
day18_rep3,[ 4.51379086e+04  2.25640962e+05 -1.29547716e+05  8.62371103e+04
 -8.00803726e+04  8.01068847e+01 -4.44597185e+03 -1.83505064e+04
 -7.46248559e+03 -4.92733596e+03 -1.05877351e+04  9.58159295e+03
  1.73827454e+04 -4.95737859e+02  2.33034506e+03  1.37649097e+03
 -8.27327507e+01 -1.41323540e+03  1.61430071e+03  9.87214707e-11],1.1616645656916728e-29
